# cline: mcl /home/doriswu/R/gene-phylogeny-pipeline/OrthoFinder/ExampleData/OrthoFinder/Results_Mar07/WorkingDirectory/OrthoFinder_graph.txt "-I" "1.5" "-o" "/home/doriswu/R/gene-phylogeny-pipeline/OrthoFinder/ExampleData/OrthoFinder/Results_Mar07/WorkingDirectory/clusters_OrthoFinder_I1.5.txt" "-te" "3" "-V" "all"
(mclheader
mcltype matrix
dimensions 2733x1125
)
(mclmatrix
begin
0    1017 1019 1020 1021 1022 1023 1024 1025 1026 1027 1028 1029 1030
       1031 1032 1033 1035 1036 1170 1171 1172 1173 1174 1175 1176
       1177 1178 1179 1180 1181 1182 1183 1184 1186 1262 1263 1264
       1265 1266 1267 1270 1271 1272 1297 1298 1440 1441 1442 1443
       1444 1445 1446 1447 1448 1449 $
1    142 228 235 236 238 245 355 421 423 426 545 546 547 548 549 550
       551 699 705 762 763 764 765 766 767 768 769 770 773 774 775
       776 777 778 779 798 $
2    259 325 534 535 627 814 841 860 1054 1204 1428 1429 1596 1647
       1763 1764 1876 1890 1891 2002 2054 2056 2315 2316 2416 2504 $
3    21 101 152 206 344 369 376 452 501 532 544 553 703 751 781 $
4    157 1090 2075 2076 2077 2078 2340 2356 2357 2365 2366 2392 2438
       2603 $
5    915 917 928 929 930 985 986 988 1065 1251 1252 1253 1254 $
6    2 3 147 223 499 1046 1167 1897 1915 1933 2189 $
7    429 526 555 697 1107 1399 1708 1850 1852 2263 2487 $
8    799 895 970 974 975 1118 1120 1168 1599 1782 2123 $
9    19 20 22 132 350 417 424 425 707 797 $
10   628 633 634 636 637 638 639 640 643 644 $
11   272 298 299 1547 1563 1564 2491 2671 2678 $
12   1101 2368 2388 2493 2547 2572 2595 2606 2620 $
13   173 808 1259 1580 1585 1785 2088 2166 $
14   174 591 1258 1579 1586 1786 2087 2585 $
15   730 789 1041 1339 1791 1961 2073 2510 $
16   987 1086 1098 1268 1315 1316 1317 1503 $
17   109 430 807 1475 2021 2031 2190 $
18   215 227 709 935 936 1038 2433 $
19   916 918 919 927 984 1526 1527 $
20   1557 1558 1559 1560 1561 1565 1566 $
21   2157 2165 2253 2324 2428 2548 2720 $
22   2158 2164 2254 2323 2427 2549 2719 $
23   168 972 977 978 1064 2035 $
24   292 309 470 654 1731 2152 $
25   297 341 342 373 474 649 $
26   327 1318 1554 2000 2036 2586 $
27   437 438 856 1774 2063 2064 $
28   518 851 1769 1846 2421 2422 $
29   2090 2409 2410 2411 2467 2495 $
30   2618 2621 2654 2656 2657 2659 $
31   0 720 822 2057 2059 $
32   16 17 1332 1333 1855 $
33   18 242 250 603 604 $
34   53 1145 1412 1888 2089 $
35   103 1358 1359 1659 2556 $
36   136 507 1473 1886 2561 $
37   137 508 1329 1947 2560 $
38   196 973 979 1601 2463 $
39   204 1488 1695 2206 2617 $
40   243 244 677 2183 2596 $
41   273 300 1549 1562 2679 $
42   294 296 472 650 652 $
43   414 527 1436 1629 2139 $
44   533 1427 1765 1889 2317 $
45   617 759 1295 1983 2516 $
46   803 1062 1144 1914 2037 $
47   809 904 1485 1707 2439 $
48   815 840 1646 2055 2505 $
49   1404 1405 1406 1715 2039 $
50   2079 2342 2358 2364 2394 $
51   2146 2374 2391 2453 2454 $
52   11 154 155 2663 $
53   13 1439 1702 2664 $
54   14 1438 1703 2665 $
55   15 1437 1704 2666 $
56   26 475 920 2522 $
57   37 1533 1838 2698 $
58   38 1532 1837 2697 $
59   42 1500 1634 2694 $
60   44 908 2023 2592 $
61   45 909 2024 2591 $
62   49 829 2050 2709 $
63   50 1574 1591 2710 $
64   51 1575 1590 2264 $
65   54 1578 1587 2303 $
66   56 826 2053 2732 $
67   58 828 2051 2730 $
68   59 1323 1857 2306 $
69   63 913 1611 2589 $
70   65 1200 1777 2325 $
71   66 1461 1679 2186 $
72   67 1201 1778 2326 $
73   68 1126 1986 2278 $
74   70 1115 1925 2220 $
75   72 1423 1950 2100 $
76   73 1256 1826 2528 $
77   77 1515 1603 2072 $
78   79 1518 1663 2512 $
79   80 1519 1664 2511 $
80   84 1152 1935 2198 $
81   87 1474 2030 2144 $
82   90 1571 1668 2155 $
83   91 1303 1684 2156 $
84   93 1327 1861 2171 $
85   94 1326 1860 2172 $
86   96 1325 1859 2558 $
87   97 1324 1858 2559 $
88   98 1375 2015 2178 $
89   99 983 1609 2304 $
90   104 1357 1660 2555 $
91   105 1356 1661 2554 $
92   106 1355 1662 2553 $
93   111 960 1988 2634 $
94   112 1235 1982 2215 $
95   114 1233 1980 2213 $
96   115 1433 1632 2212 $
97   116 1232 1979 2211 $
98   117 1287 1912 2716 $
99   118 1056 1870 2440 $
100  124 1311 1622 2600 $
101  125 1310 1623 2599 $
102  126 1309 1624 2598 $
103  128 968 1953 2327 $
104  134 1418 1921 2727 $
105  139 1419 1922 2501 $
106  141 1321 1801 2182 $
107  143 1389 1892 2122 $
108  153 1212 1824 2204 $
109  159 1068 1848 2638 $
110  160 1067 1847 2639 $
111  166 1496 1970 2061 $
112  176 1185 1246 2650 $
113  178 1497 1971 2712 $
114  179 1425 1640 2711 $
115  183 849 1648 2480 $
116  184 1111 1941 2662 $
117  189 1349 1714 2408 $
118  191 1288 1913 2715 $
119  194 993 1884 2066 $
120  198 1300 1687 2091 $
121  200 1493 1690 2208 $
122  203 1490 1693 2207 $
123  213 1153 1934 2086 $
124  216 1456 1948 2472 $
125  217 1455 1949 2473 $
126  222 901 2013 2161 $
127  224 712 1081 2434 $
128  225 711 1082 2435 $
129  226 710 1083 2436 $
130  230 1464 1675 2702 $
131  231 1463 1676 2701 $
132  232 1331 1729 2700 $
133  237 954 1651 2631 $
134  248 1368 1652 2110 $
135  249 907 2022 2111 $
136  252 1328 1862 2137 $
137  254 1228 1834 2115 $
138  255 1229 1835 2114 $
139  256 1230 1836 2113 $
140  258 1053 1875 2415 $
141  260 1055 1877 2417 $
142  262 850 1654 2141 $
143  264 1486 1705 2335 $
144  265 1467 1672 2347 $
145  267 1465 1674 2345 $
146  268 1302 1685 2660 $
147  271 1553 1839 2318 $
148  278 380 458 667 $
149  281 377 461 664 $
150  285 286 465 660 $
151  288 466 658 2299 $
152  289 467 657 2298 $
153  290 468 656 701 $
154  305 1508 1509 2532 $
155  313 1219 1829 2470 $
156  316 1074 1696 2468 $
157  319 1299 1688 2540 $
158  322 1353 1606 2479 $
159  324 626 825 1597 $
160  326 836 1388 2686 $
161  329 1069 1849 2635 $
162  330 1489 1694 2588 $
163  333 1347 1999 2302 $
164  334 1061 2038 2580 $
165  336 1040 1790 2594 $
166  337 1307 1626 2693 $
167  339 1394 1712 2648 $
168  352 1397 1709 2647 $
169  353 997 1966 2646 $
170  359 1134 1997 2102 $
171  360 1135 1996 2103 $
172  361 1136 1995 2104 $
173  362 1137 1994 2105 $
174  363 1138 1993 2106 $
175  364 1139 1992 2107 $
176  365 1140 1991 2108 $
177  382 1213 1825 2581 $
178  383 1276 1853 2704 $
179  385 1131 1610 2583 $
180  391 1237 1810 2460 $
181  393 1239 1808 2459 $
182  394 1240 1807 2458 $
183  395 1275 1910 2604 $
184  396 1330 1909 2605 $
185  400 857 1655 2705 $
186  401 906 2010 2149 $
187  404 1516 1604 2344 $
188  406 844 2045 2314 $
189  407 1014 1869 2723 $
190  411 942 1878 2257 $
191  412 941 1879 2256 $
192  413 939 1882 2482 $
193  431 992 1885 2714 $
194  432 1335 1958 2465 $
195  440 834 1618 2414 $
196  441 833 1613 2413 $
197  442 1007 1616 2295 $
198  443 1006 1615 2294 $
199  448 1128 2008 2708 $
200  449 1129 2007 2707 $
201  453 1073 1653 2320 $
202  476 921 1215 2521 $
203  483 1369 2506 2507 $
204  484 848 1621 2668 $
205  490 1196 1779 2181 $
206  491 1197 1780 2180 $
207  492 1198 1781 2179 $
208  493 914 1722 2649 $
209  496 1403 1720 2128 $
210  497 1000 1946 2636 $
211  503 831 1969 2070 $
212  505 892 2047 2192 $
213  511 1495 1643 2191 $
214  513 1209 1821 2117 $
215  516 1194 1788 2121 $
216  519 852 1770 2423 $
217  520 853 1771 2424 $
218  521 854 1772 2425 $
219  522 855 1773 2426 $
220  525 1292 1975 2096 $
221  528 1434 1631 2138 $
222  529 1435 1630 2584 $
223  530 1431 2020 2160 $
224  536 1479 1762 2223 $
225  537 1480 1761 2224 $
226  538 1481 1760 2225 $
227  539 1482 1759 2226 $
228  540 1484 1757 2228 $
229  541 891 1756 2229 $
230  542 890 1755 2230 $
231  543 889 1754 2231 $
232  556 888 1753 2232 $
233  557 887 1752 2233 $
234  558 886 1751 2234 $
235  559 885 1750 2235 $
236  560 884 1749 2236 $
237  561 883 1748 2237 $
238  562 882 1747 2238 $
239  563 881 1746 2239 $
240  564 880 1745 2240 $
241  565 879 1744 2241 $
242  566 878 1743 2242 $
243  567 877 1742 2243 $
244  568 876 1741 2244 $
245  569 875 1740 2245 $
246  570 874 1739 2246 $
247  571 873 1738 2247 $
248  572 872 1737 2248 $
249  573 871 1736 2249 $
250  574 870 1735 2250 $
251  575 869 1734 2251 $
252  577 962 1942 2109 $
253  578 1314 1928 2094 $
254  579 1217 1831 2502 $
255  582 1208 1820 2188 $
256  583 1206 1818 2187 $
257  586 1169 1783 2069 $
258  587 1193 1787 2068 $
259  588 956 1843 2508 $
260  589 1382 1898 2633 $
261  592 595 598 1538 $
262  605 1569 2049 2196 $
263  607 1306 1627 2503 $
264  609 1124 1628 2112 $
265  613 1146 1887 2542 $
266  620 1379 1671 2130 $
267  621 1380 1670 2131 $
268  622 1381 1669 2132 $
269  641 1420 1923 2651 $
270  645 1048 1929 2674 $
271  646 1047 1930 2675 $
272  675 967 1952 2676 $
273  676 966 1951 2677 $
274  678 894 1718 2262 $
275  679 1343 1964 2202 $
276  681 1334 1945 2159 $
277  682 1478 2034 2338 $
278  683 1477 2033 2337 $
279  684 1476 2032 2336 $
280  687 899 2018 2524 $
281  715 952 1920 2526 $
282  722 1070 1851 2405 $
283  733 1151 1936 2517 $
284  736 902 2012 2067 $
285  738 1372 1638 2313 $
286  739 1576 1589 2312 $
287  740 1577 1588 2311 $
288  742 1452 1716 2309 $
289  743 1453 2009 2308 $
290  745 1430 2019 2652 $
291  749 1075 1697 2333 $
292  750 910 2025 2590 $
293  753 1011 1863 2170 $
294  754 933 1725 2641 $
295  756 931 1723 2642 $
296  758 1517 1614 2667 $
297  760 1460 1680 2725 $
298  782 839 1721 2150 $
299  784 949 1957 2474 $
300  786 1458 1682 2083 $
301  787 1459 1681 2082 $
302  790 1241 1799 2690 $
303  791 1242 1798 2689 $
304  792 1243 1797 2688 $
305  794 980 1917 2125 $
306  795 981 1918 2124 $
307  800 934 1726 2640 $
308  801 1125 2042 2118 $
309  805 958 1845 2195 $
310  806 957 1844 2194 $
311  810 1285 1641 2321 $
312  816 845 2044 2261 $
313  817 1521 1666 2260 $
314  818 1520 1665 2259 $
315  1003 1005 1775 1776 $
316  1015 1811 1812 2136 $
317  1132 1649 1650 1987 $
318  1345 1401 1899 1978 $
319  2289 2562 2571 2573 $
320  2292 2565 2574 2577 $
321  2381 2395 2398 2399 $
322  2478 2484 2513 2514 $
323  31 1362 2270 $
324  32 1363 2269 $
325  33 1364 2268 $
326  34 1365 2267 $
327  35 1366 2272 $
328  36 1367 2271 $
329  40 1502 1636 $
330  55 1422 1924 $
331  61 317 2538 $
332  71 1116 1926 $
333  85 1340 2199 $
334  89 1572 1667 $
335  121 1249 2385 $
336  123 1767 2578 $
337  130 1342 1963 $
338  135 1570 1595 $
339  148 371 372 $
340  149 2367 2455 $
341  150 151 2477 $
342  156 162 163 $
343  171 1494 1689 $
344  175 1398 2529 $
345  201 1492 1691 $
346  202 1491 1692 $
347  205 208 819 $
348  212 1009 2332 $
349  219 938 2328 $
350  251 1199 2153 $
351  253 1226 2116 $
352  274 454 671 $
353  275 455 670 $
354  276 456 669 $
355  277 457 668 $
356  279 459 666 $
357  280 460 665 $
358  282 462 663 $
359  283 463 662 $
360  284 464 661 $
361  291 469 655 $
362  293 471 653 $
363  295 473 651 $
364  302 1505 2535 $
365  303 1506 2534 $
366  306 1510 2531 $
367  307 1511 2530 $
368  343 345 374 $
369  349 629 673 $
370  381 1225 1832 $
371  403 1112 2699 $
372  418 698 704 $
373  433 1336 1959 $
374  434 1337 1960 $
375  436 1231 2210 $
376  444 1393 2169 $
377  445 959 2706 $
378  478 923 2520 $
379  479 924 2519 $
380  480 1432 1633 $
381  593 599 1536 $
382  602 1218 1830 $
383  618 832 2637 $
384  685 948 1956 $
385  694 2430 2613 $
386  714 897 2148 $
387  716 1974 2525 $
388  723 1195 2437 $
389  725 1096 2550 $
390  726 1095 2551 $
391  727 1094 2552 $
392  741 1451 2310 $
393  746 1472 2537 $
394  793 1244 1796 $
395  804 1060 1874 $
396  835 1619 2644 $
397  862 1817 2275 $
398  863 1816 2276 $
399  864 1815 2277 $
400  893 2005 2006 $
401  955 1567 2279 $
402  963 1260 1943 $
403  1002 1004 1108 $
404  1018 1034 1269 $
405  1049 1050 1657 $
406  1110 1940 2582 $
407  1223 1827 1828 $
408  1277 1278 2483 $
409  1322 1800 2167 $
410  1346 1895 2014 $
411  1409 1414 1900 $
412  1417 1903 2419 $
413  1483 1758 2227 $
414  1512 1513 2670 $
415  1522 1644 2544 $
416  1880 1977 2355 $
417  1894 1896 1927 $
418  2084 2386 2587 $
419  2120 2579 2713 $
420  2173 2176 2274 $
421  2174 2177 2273 $
422  2353 2476 2515 $
423  2450 2451 2452 $
424  2492 2717 2718 $
425  2497 2498 2500 $
426  2653 2655 2658 $
427  2681 2684 2721 $
428  1 2060 $
429  4 2360 $
430  6 2361 $
431  7 2362 $
432  8 2363 $
433  12 397 $
434  25 1087 $
435  28 119 $
436  41 2695 $
437  48 1119 $
438  57 2731 $
439  60 2305 $
440  62 1468 $
441  64 1371 $
442  69 1600 $
443  74 2222 $
444  76 2071 $
445  82 446 $
446  102 2557 $
447  127 2597 $
448  161 783 $
449  164 625 $
450  167 2062 $
451  170 2209 $
452  180 181 $
453  185 2297 $
454  187 2406 $
455  197 2462 $
456  210 1535 $
457  211 1534 $
458  214 2085 $
459  218 2293 $
460  220 2329 $
461  221 2330 $
462  229 2703 $
463  233 234 $
464  241 1099 $
465  246 2680 $
466  257 323 $
467  263 2372 $
468  269 2216 $
469  287 659 $
470  304 1507 $
471  310 409 $
472  320 2539 $
473  335 2673 $
474  351 2481 $
475  368 2672 $
476  386 2346 $
477  388 2255 $
478  416 2627 $
479  422 427 $
480  428 2301 $
481  447 2420 $
482  451 2040 $
483  477 922 $
484  481 2464 $
485  482 2217 $
486  488 2319 $
487  495 2095 $
488  510 1247 $
489  552 780 $
490  580 2185 $
491  585 1392 $
492  597 1539 $
493  600 601 $
494  612 2461 $
495  619 2687 $
496  624 2265 $
497  686 2691 $
498  688 2331 $
499  690 2488 $
500  691 2489 $
501  692 2490 $
502  693 2429 $
503  695 2431 $
504  696 2432 $
505  721 2404 $
506  729 2401 $
507  731 2201 $
508  732 2200 $
509  788 2081 $
510  820 2058 $
511  827 2052 $
512  858 2004 $
513  859 2003 $
514  861 2001 $
515  865 1813 $
516  866 1814 $
517  868 1717 $
518  900 2017 $
519  905 2011 $
520  932 1724 $
521  937 1727 $
522  944 945 $
523  946 1954 $
524  947 1955 $
525  950 2296 $
526  971 976 $
527  989 1937 $
528  995 1968 $
529  996 1967 $
530  998 1965 $
531  1008 1865 $
532  1010 1864 $
533  1016 2509 $
534  1042 1792 $
535  1057 1871 $
536  1058 1872 $
537  1059 1873 $
538  1079 1868 $
539  1084 2359 $
540  1092 2080 $
541  1097 1100 $
542  1102 1931 $
543  1114 1117 $
544  1123 2041 $
545  1141 1990 $
546  1147 2412 $
547  1148 1793 $
548  1149 1794 $
549  1156 1803 $
550  1163 1289 $
551  1202 2610 $
552  1207 1819 $
553  1210 1822 $
554  1227 1833 $
555  1283 1284 $
556  1290 1973 $
557  1293 1976 $
558  1301 1686 $
559  1304 1683 $
560  1308 1625 $
561  1313 1713 $
562  1319 1984 $
563  1320 1985 $
564  1341 1962 $
565  1350 1608 $
566  1360 1908 $
567  1374 2016 $
568  1390 1893 $
569  1395 1711 $
570  1396 1710 $
571  1408 1413 $
572  1410 1415 $
573  1416 1902 $
574  1424 1639 $
575  1426 1766 $
576  1450 1620 $
577  1469 1617 $
578  1471 1883 $
579  1501 1635 $
580  1514 1602 $
581  1524 2546 $
582  1544 1545 $
583  1555 1598 $
584  1568 2048 $
585  1581 1584 $
586  1582 1583 $
587  1605 1642 $
588  1612 1678 $
589  1698 2203 $
590  1881 2354 $
591  2027 2028 $
592  2145 2373 $
593  2147 2375 $
594  2266 2728 $
595  2282 2288 $
596  2285 2567 $
597  2286 2568 $
598  2290 2563 $
599  2291 2564 $
600  2341 2393 $
601  2379 2380 $
602  2389 2390 $
603  2445 2448 $
604  2446 2449 $
605  2619 2622 $
606  2625 2628 $
607  2682 2685 $
608  5 $
609  9 $
610  10 $
611  23 $
612  24 $
613  27 $
614  29 $
615  30 $
616  39 $
617  43 $
618  46 $
619  47 $
620  52 $
621  75 $
622  78 $
623  81 $
624  83 $
625  86 $
626  88 $
627  92 $
628  95 $
629  100 $
630  107 $
631  108 $
632  110 $
633  113 $
634  120 $
635  122 $
636  129 $
637  131 $
638  133 $
639  138 $
640  140 $
641  144 $
642  145 $
643  146 $
644  158 $
645  165 $
646  169 $
647  172 $
648  177 $
649  182 $
650  186 $
651  188 $
652  190 $
653  192 $
654  193 $
655  195 $
656  199 $
657  207 $
658  209 $
659  239 $
660  240 $
661  247 $
662  261 $
663  266 $
664  270 $
665  301 $
666  308 $
667  311 $
668  312 $
669  314 $
670  315 $
671  318 $
672  321 $
673  328 $
674  331 $
675  332 $
676  338 $
677  340 $
678  346 $
679  347 $
680  348 $
681  354 $
682  356 $
683  357 $
684  358 $
685  366 $
686  367 $
687  370 $
688  375 $
689  378 $
690  379 $
691  384 $
692  387 $
693  389 $
694  390 $
695  392 $
696  398 $
697  399 $
698  402 $
699  405 $
700  408 $
701  410 $
702  415 $
703  419 $
704  420 $
705  435 $
706  439 $
707  450 $
708  485 $
709  486 $
710  487 $
711  489 $
712  494 $
713  498 $
714  500 $
715  502 $
716  504 $
717  506 $
718  509 $
719  512 $
720  514 $
721  515 $
722  517 $
723  523 $
724  524 $
725  531 $
726  554 $
727  576 $
728  581 $
729  584 $
730  590 $
731  594 $
732  596 $
733  606 $
734  608 $
735  610 $
736  611 $
737  614 $
738  615 $
739  616 $
740  623 $
741  630 $
742  631 $
743  632 $
744  635 $
745  642 $
746  647 $
747  648 $
748  672 $
749  674 $
750  680 $
751  689 $
752  700 $
753  702 $
754  706 $
755  708 $
756  713 $
757  717 $
758  718 $
759  719 $
760  724 $
761  728 $
762  734 $
763  735 $
764  737 $
765  744 $
766  747 $
767  748 $
768  752 $
769  755 $
770  757 $
771  761 $
772  771 $
773  772 $
774  785 $
775  796 $
776  802 $
777  811 $
778  812 $
779  813 $
780  821 $
781  823 $
782  824 $
783  830 $
784  837 $
785  838 $
786  842 $
787  843 $
788  846 $
789  847 $
790  867 $
791  896 $
792  898 $
793  903 $
794  911 $
795  912 $
796  925 $
797  926 $
798  940 $
799  943 $
800  951 $
801  953 $
802  961 $
803  964 $
804  965 $
805  969 $
806  982 $
807  990 $
808  991 $
809  994 $
810  999 $
811  1001 $
812  1012 $
813  1013 $
814  1037 $
815  1039 $
816  1043 $
817  1044 $
818  1045 $
819  1051 $
820  1052 $
821  1063 $
822  1066 $
823  1071 $
824  1072 $
825  1076 $
826  1077 $
827  1078 $
828  1080 $
829  1085 $
830  1088 $
831  1089 $
832  1091 $
833  1093 $
834  1103 $
835  1104 $
836  1105 $
837  1106 $
838  1109 $
839  1113 $
840  1121 $
841  1122 $
842  1127 $
843  1130 $
844  1133 $
845  1142 $
846  1143 $
847  1150 $
848  1154 $
849  1155 $
850  1157 $
851  1158 $
852  1159 $
853  1160 $
854  1161 $
855  1162 $
856  1164 $
857  1165 $
858  1166 $
859  1187 $
860  1188 $
861  1189 $
862  1190 $
863  1191 $
864  1192 $
865  1203 $
866  1205 $
867  1211 $
868  1214 $
869  1216 $
870  1220 $
871  1221 $
872  1222 $
873  1224 $
874  1234 $
875  1236 $
876  1238 $
877  1245 $
878  1248 $
879  1250 $
880  1255 $
881  1257 $
882  1261 $
883  1273 $
884  1274 $
885  1279 $
886  1280 $
887  1281 $
888  1282 $
889  1286 $
890  1291 $
891  1294 $
892  1296 $
893  1305 $
894  1312 $
895  1338 $
896  1344 $
897  1348 $
898  1351 $
899  1352 $
900  1354 $
901  1361 $
902  1370 $
903  1373 $
904  1376 $
905  1377 $
906  1378 $
907  1383 $
908  1384 $
909  1385 $
910  1386 $
911  1387 $
912  1391 $
913  1400 $
914  1402 $
915  1407 $
916  1411 $
917  1421 $
918  1454 $
919  1457 $
920  1462 $
921  1466 $
922  1470 $
923  1487 $
924  1498 $
925  1499 $
926  1504 $
927  1523 $
928  1525 $
929  1528 $
930  1529 $
931  1530 $
932  1531 $
933  1537 $
934  1540 $
935  1541 $
936  1542 $
937  1543 $
938  1546 $
939  1548 $
940  1550 $
941  1551 $
942  1552 $
943  1556 $
944  1573 $
945  1592 $
946  1593 $
947  1594 $
948  1607 $
949  1637 $
950  1645 $
951  1656 $
952  1658 $
953  1673 $
954  1677 $
955  1699 $
956  1700 $
957  1701 $
958  1706 $
959  1719 $
960  1728 $
961  1730 $
962  1732 $
963  1733 $
964  1768 $
965  1784 $
966  1789 $
967  1795 $
968  1802 $
969  1804 $
970  1805 $
971  1806 $
972  1809 $
973  1823 $
974  1840 $
975  1841 $
976  1842 $
977  1854 $
978  1856 $
979  1866 $
980  1867 $
981  1901 $
982  1904 $
983  1905 $
984  1906 $
985  1907 $
986  1911 $
987  1916 $
988  1919 $
989  1932 $
990  1938 $
991  1939 $
992  1944 $
993  1972 $
994  1981 $
995  1989 $
996  1998 $
997  2026 $
998  2029 $
999  2043 $
1000 2046 $
1001 2065 $
1002 2074 $
1003 2092 $
1004 2093 $
1005 2097 $
1006 2098 $
1007 2099 $
1008 2101 $
1009 2119 $
1010 2126 $
1011 2127 $
1012 2129 $
1013 2133 $
1014 2134 $
1015 2135 $
1016 2140 $
1017 2142 $
1018 2143 $
1019 2151 $
1020 2154 $
1021 2162 $
1022 2163 $
1023 2168 $
1024 2175 $
1025 2184 $
1026 2193 $
1027 2197 $
1028 2205 $
1029 2214 $
1030 2218 $
1031 2219 $
1032 2221 $
1033 2252 $
1034 2258 $
1035 2280 $
1036 2281 $
1037 2283 $
1038 2284 $
1039 2287 $
1040 2300 $
1041 2307 $
1042 2322 $
1043 2334 $
1044 2339 $
1045 2343 $
1046 2348 $
1047 2349 $
1048 2350 $
1049 2351 $
1050 2352 $
1051 2369 $
1052 2370 $
1053 2371 $
1054 2376 $
1055 2377 $
1056 2378 $
1057 2382 $
1058 2383 $
1059 2384 $
1060 2387 $
1061 2396 $
1062 2397 $
1063 2400 $
1064 2402 $
1065 2403 $
1066 2407 $
1067 2418 $
1068 2441 $
1069 2442 $
1070 2443 $
1071 2444 $
1072 2447 $
1073 2456 $
1074 2457 $
1075 2466 $
1076 2469 $
1077 2471 $
1078 2475 $
1079 2485 $
1080 2486 $
1081 2494 $
1082 2496 $
1083 2499 $
1084 2518 $
1085 2523 $
1086 2527 $
1087 2533 $
1088 2536 $
1089 2541 $
1090 2543 $
1091 2545 $
1092 2566 $
1093 2569 $
1094 2570 $
1095 2575 $
1096 2576 $
1097 2593 $
1098 2601 $
1099 2602 $
1100 2607 $
1101 2608 $
1102 2609 $
1103 2611 $
1104 2612 $
1105 2614 $
1106 2615 $
1107 2616 $
1108 2623 $
1109 2624 $
1110 2626 $
1111 2629 $
1112 2630 $
1113 2632 $
1114 2643 $
1115 2645 $
1116 2661 $
1117 2669 $
1118 2683 $
1119 2692 $
1120 2696 $
1121 2722 $
1122 2724 $
1123 2726 $
1124 2729 $
)
